id/I:name/C:xsec/F:kfac/F:eff/F:relunc/F:sumw/F:stat/F
105200 McAtNloJimmy_CT10_ttbar_LeptonFilter 238.059997559 1.0 0.542999982834 1.0 11554653.461 14990603.0
105861 PowhegPythia_AUET2BCT10_ttbar_LeptonFilter 238.059997559 1.0 0.542999982834 1.0 29974501.9103 29969464.0
107100 AlpgenJimmy_AUET2CTEQ6L1_WWlnulnuNp0 2.49699997902 1.23099994659 1.0 1.0 254999.999848 255000.0
107101 AlpgenJimmy_AUET2CTEQ6L1_WWlnulnuNp1 1.24989998341 1.23099994659 1.0 1.0 124999.999925 125000.0
107102 AlpgenJimmy_AUET2CTEQ6L1_WWlnulnuNp2 0.592000007629 1.23099994659 1.0 1.0 59999.9999642 60000.0
107103 AlpgenJimmy_AUET2CTEQ6L1_WWlnulnuNp3 0.328469991684 1.23099994659 1.0 1.0 34999.9999791 35000.0
107104 AlpgenJimmy_AUET2CTEQ6L1_WZincllNp0 0.801620006561 1.27900004387 1.0 1.0 399999.990866 399999.0
107105 AlpgenJimmy_AUET2CTEQ6L1_WZincllNp1 0.523949980736 1.27900004387 1.0 1.0 259998.706436 259999.0
107106 AlpgenJimmy_AUET2CTEQ6L1_WZincllNp2 0.295720010996 1.27900004387 1.0 1.0 149998.748404 149998.0
107107 AlpgenJimmy_AUET2CTEQ6L1_WZincllNp3 0.182579994202 1.27900004387 1.0 1.0 94777.7351508 94899.0
107108 AlpgenJimmy_AUET2CTEQ6L1_ZZincllNp0 0.606599986553 1.37199997902 1.0 1.0 609868.739587 609898.0
107109 AlpgenJimmy_AUET2CTEQ6L1_ZZincllNp1 0.288929998875 1.37199997902 1.0 1.0 289999.999827 290000.0
107110 AlpgenJimmy_AUET2CTEQ6L1_ZZincllNp2 0.117969997227 1.37199997902 1.0 1.0 119937.424618 119900.0
107111 AlpgenJimmy_AUET2CTEQ6L1_ZZincllNp3 0.0562230013311 1.37199997902 1.0 1.0 59999.3742111 59999.0
107280 AlpgenJimmy_AUET2CTEQ6L1_WbbNp0 55.6819992065 1.18599998951 1.0 1.0 474998.706308 474999.0
107281 AlpgenJimmy_AUET2CTEQ6L1_WbbNp1 45.2430000305 1.18599998951 1.0 1.0 359997.807079 359999.0
107282 AlpgenJimmy_AUET2CTEQ6L1_WbbNp2 23.2460002899 1.18599998951 1.0 1.0 174999.991 174999.0
107283 AlpgenJimmy_AUET2CTEQ6L1_WbbNp3 11.1440000534 1.18599998951 1.0 1.0 49999.9999702 50000.0
107650 AlpgenJimmy_AUET2CTEQ6L1_ZeeNp0 711.770019531 1.23000001907 1.0 1.0 305209.336798 299999.0
107651 AlpgenJimmy_AUET2CTEQ6L1_ZeeNp1 155.169998169 1.23000001907 1.0 1.0 199999.999881 200000.0
107652 AlpgenJimmy_AUET2CTEQ6L1_ZeeNp2 48.7449989319 1.23000001907 1.0 1.0 99999.5729363 99500.0
107653 AlpgenJimmy_AUET2CTEQ6L1_ZeeNp3 14.2250003815 1.23000001907 1.0 1.0 49999.9999702 50000.0
107654 AlpgenJimmy_AUET2CTEQ6L1_ZeeNp4 3.7595000267 1.23000001907 1.0 1.0 19999.9999881 20000.0
107655 AlpgenJimmy_AUET2CTEQ6L1_ZeeNp5 1.09449994564 1.23000001907 1.0 1.0 9999.99999404 10000.0
107660 AlpgenJimmy_AUET2CTEQ6L1_ZmumuNp0 712.109985352 1.23000001907 1.0 1.0 100614.964828 100000.0
107661 AlpgenJimmy_AUET2CTEQ6L1_ZmumuNp1 154.770004272 1.23000001907 1.0 1.0 199999.999881 200000.0
107662 AlpgenJimmy_AUET2CTEQ6L1_ZmumuNp2 48.9119987488 1.23000001907 1.0 1.0 99999.9999404 100000.0
107663 AlpgenJimmy_AUET2CTEQ6L1_ZmumuNp3 14.2259998322 1.23000001907 1.0 1.0 49999.9999702 50000.0
107664 AlpgenJimmy_AUET2CTEQ6L1_ZmumuNp4 3.7837998867 1.23000001907 1.0 1.0 19999.9999881 20000.0
107665 AlpgenJimmy_AUET2CTEQ6L1_ZmumuNp5 1.11479997635 1.23000001907 1.0 1.0 9999.99999404 10000.0
107670 AlpgenJimmy_AUET2CTEQ6L1_ZtautauNp0 711.809997559 1.23000001907 1.0 1.0 351993.782627 349999.0
107672 AlpgenJimmy_AUET2CTEQ6L1_ZtautauNp2 48.8040008545 1.23000001907 1.0 1.0 99998.7065315 99999.0
107673 AlpgenJimmy_AUET2CTEQ6L1_ZtautauNp3 14.1599998474 1.23000001907 1.0 1.0 49999.9999702 50000.0
107674 AlpgenJimmy_AUET2CTEQ6L1_ZtautauNp4 3.7743999958 1.23000001907 1.0 1.0 19999.9999881 20000.0
107675 AlpgenJimmy_AUET2CTEQ6L1_ZtautauNp5 1.11629998684 1.23000001907 1.0 1.0 9999.99999404 10000.0
107680 AlpgenJimmy_AUET2CTEQ6L1_WenuNp0 8037.10009766 1.18599998951 1.0 1.0 1385130.44417 1479896.0
107681 AlpgenJimmy_AUET2CTEQ6L1_WenuNp1 1579.19995117 1.18599998951 1.0 1.0 199779.175565 199900.0
107682 AlpgenJimmy_AUET2CTEQ6L1_WenuNp2 477.200012207 1.18599998951 1.0 1.0 99779.1756246 99900.0
107683 AlpgenJimmy_AUET2CTEQ6L1_WenuNp3 133.929992676 1.18599998951 1.0 1.0 49999.9999702 50000.0
107684 AlpgenJimmy_AUET2CTEQ6L1_WenuNp4 35.6220016479 1.18599998951 1.0 1.0 19999.9999881 20000.0
107685 AlpgenJimmy_AUET2CTEQ6L1_WenuNp5 10.5530004501 1.18599998951 1.0 1.0 9999.99999404 10000.0
107690 AlpgenJimmy_AUET2CTEQ6L1_WmunuNp0 8040.0 1.18599998951 1.0 1.0 34267.9243408 50000.0
107691 AlpgenJimmy_AUET2CTEQ6L1_WmunuNp1 1580.30004883 1.18599998951 1.0 1.0 199999.999881 200000.0
107692 AlpgenJimmy_AUET2CTEQ6L1_WmunuNp2 477.5 1.18599998951 1.0 1.0 99999.9999404 100000.0
107693 AlpgenJimmy_AUET2CTEQ6L1_WmunuNp3 133.940002441 1.18599998951 1.0 1.0 49999.9999702 50000.0
107694 AlpgenJimmy_AUET2CTEQ6L1_WmunuNp4 35.6360015869 1.18599998951 1.0 1.0 19999.9999881 20000.0
107695 AlpgenJimmy_AUET2CTEQ6L1_WmunuNp5 10.5710000992 1.18599998951 1.0 1.0 9999.99999404 10000.0
107700 AlpgenJimmy_AUET2CTEQ6L1_WtaunuNp0 8035.79980469 1.18599998951 1.0 1.0 1923312.54261 1899995.0
107701 AlpgenJimmy_AUET2CTEQ6L1_WtaunuNp1 1579.80004883 1.18599998951 1.0 1.0 199999.990985 199999.0
107702 AlpgenJimmy_AUET2CTEQ6L1_WtaunuNp2 477.549987793 1.18599998951 1.0 1.0 99999.9999404 100000.0
107703 AlpgenJimmy_AUET2CTEQ6L1_WtaunuNp3 133.789993286 1.18599998951 1.0 1.0 49999.9910743 49999.0
107704 AlpgenJimmy_AUET2CTEQ6L1_WtaunuNp4 35.5830001831 1.18599998951 1.0 1.0 19779.1756723 19900.0
107705 AlpgenJimmy_AUET2CTEQ6L1_WtaunuNp5 10.5399999619 1.18599998951 1.0 1.0 9999.99999404 10000.0
108343 McAtNloJimmy_CT10NLOME_AUET2CTEQ6L1MPI_SingleTopSChanWenu 0.564440011978 1.07400000095 1.0 1.0 845314.481368 999998.0
108344 McAtNloJimmy_CT10NLOME_AUET2CTEQ6L1MPI_SingleTopSChanWmunu 0.564260005951 1.07400000095 1.0 1.0 845126.368991 998000.0
108345 McAtNloJimmy_CT10NLOME_AUET2CTEQ6L1MPI_SingleTopSChanWtaunu 0.564040005207 1.07400000095 1.0 1.0 845972.634751 999998.0
108346 McAtNloJimmy_CT10NLOME_AUET2CTEQ6L1MPI_SingleTopWtChanIncl 20.658000946 1.08299994469 1.0 1.0 4418723.8414 4996492.0
109300 AlpgenJimmy_AUET2CTEQ6L1_ZeebbNp0 8.37769985199 1.23000001907 1.0 1.0 149999.999911 150000.0
109301 AlpgenJimmy_AUET2CTEQ6L1_ZeebbNp1 3.25289988518 1.23000001907 1.0 1.0 79999.9999523 80000.0
109302 AlpgenJimmy_AUET2CTEQ6L1_ZeebbNp2 1.1901999712 1.23000001907 1.0 1.0 44999.9999732 45000.0
109303 AlpgenJimmy_AUET2CTEQ6L1_ZeebbNp3 0.502780020237 1.23000001907 1.0 1.0 4997.8072902 4999.0
109305 AlpgenJimmy_AUET2CTEQ6L1_ZmumubbNp0 8.37419986725 1.23000001907 1.0 1.0 149779.175595 149900.0
109306 AlpgenJimmy_AUET2CTEQ6L1_ZmumubbNp1 3.2539999485 1.23000001907 1.0 1.0 79999.9999523 80000.0
109307 AlpgenJimmy_AUET2CTEQ6L1_ZmumubbNp2 1.18099999428 1.23000001907 1.0 1.0 44999.9999732 45000.0
109308 AlpgenJimmy_AUET2CTEQ6L1_ZmumubbNp3 0.50669002533 1.23000001907 1.0 1.0 4999.99999702 5000.0
109310 AlpgenJimmy_AUET2CTEQ6L1_ZtautaubbNp0 8.37569999695 1.23000001907 1.0 1.0 149870.659024 149900.0
109311 AlpgenJimmy_AUET2CTEQ6L1_ZtautaubbNp1 3.24270009995 1.23000001907 1.0 1.0 79997.8072455 79999.0
109312 AlpgenJimmy_AUET2CTEQ6L1_ZtautaubbNp2 1.19379997253 1.23000001907 1.0 1.0 44999.9999732 45000.0
109313 AlpgenJimmy_AUET2CTEQ6L1_ZtautaubbNp3 0.497909992933 1.23000001907 1.0 1.0 4999.99999702 5000.0
110829 AlpgenJimmy_AUET2CTEQ6L1_WWqqlnuNp0 9.98190021515 1.28299999237 1.0 1.0 994998.705998 994999.0
110830 AlpgenJimmy_AUET2CTEQ6L1_WWqqlnuNp1 5.01440000534 1.28299999237 1.0 1.0 494777.88198 494899.0
110831 AlpgenJimmy_AUET2CTEQ6L1_WWqqlnuNp2 2.36579990387 1.28299999237 1.0 1.0 234997.265974 234998.0
110832 AlpgenJimmy_AUET2CTEQ6L1_WWqqlnuNp3 1.3138999939 1.28299999237 1.0 1.0 129999.999922 130000.0
113715 Sherpa_CT10_SinglePhotonPt70 2153.0 1.0 1.0 1.0 2497332.66558 2496794.0
113716 Sherpa_CT10_SinglePhotonPt140 137.850006104 1.0 1.0 1.0 1499991.89295 1499992.0
113717 Sherpa_CT10_SinglePhotonPt280 5.96269989014 1.0 1.0 1.0 999974.561689 999690.0
117050 PowhegPythia_P2011C_ttbar 238.059997559 1.0 0.542999982834 1.0 74814195.023 74747917.0
117209 AcerMCPythia_morePS_ttbar_noallhad 59.6199989319 2.16799998283 1.0 1.0 13326436.5313 13480988.0
117210 AcerMCPythia_lessPS_ttbar_noallhad 59.6199989319 2.16799998283 1.0 1.0 14988773.7325 14988492.0
117360 AcerMCPythia_AUET2BCTEQ6L1_singletop_tchan_e 8.60400009155 1.10000002384 1.0 1.0 1711585.99114 1999999.0
117361 AcerMCPythia_AUET2BCTEQ6L1_singletop_tchan_mu 8.60400009155 1.10000002384 1.0 1.0 1709439.22646 1990999.0
117362 AcerMCPythia_AUET2BCTEQ6L1_singletop_tchan_tau 8.60400009155 1.10000002384 1.0 1.0 1712993.7393 1998999.0
117800 Sherpa_CT10_TtbarLeptLept 9.16160011292 1.2120000124 1.0 1.0 1798815.96076 1799288.0
117801 Sherpa_CT10_TtbarLeptTaulept 9.17240047455 1.21099996567 0.351999998093 1.0 599427.986633 599698.0
117802 Sherpa_CT10_TtbarTauleptTaulept 2.2595000267 1.22899997234 0.123903997242 1.0 54999.9999672 55000.0
117803 Sherpa_CT10_TtbarLeptHad 55.5299987793 1.2460000515 1.0 1.0 8752571.8193 8750233.0
117804 Sherpa_CT10_TtbarLeptTauhad 9.25819969177 1.19900000095 0.648000001907 1.0 1099994.04399 1099994.0
117805 Sherpa_CT10_TtbarTauleptHad 27.7660007477 1.25199997425 0.351999998093 1.0 1799053.94943 1797891.0
117806 Sherpa_CT10_TtbarTauleptTauhad 2.31069993973 1.2009999752 0.456191986799 1.0 199999.999881 200000.0
117807 Sherpa_CT10_TtbarHadHad 83.5780029297 1.30200004578 1.0 1.0 5498270.68512 5498350.0
117808 Sherpa_CT10_TtbarHadTauhad 27.7880001068 1.25100004673 0.648000001907 1.0 3199766.05627 3199884.0
117809 Sherpa_CT10_TtbarTauhadTauhad 2.3031001091 1.20500004292 0.419903993607 1.0 179779.175577 179900.0
119353 MadGraphPythia_AUET2BCTEQ6L1_ttbarW 0.104099996388 1.17499995232 1.0 1.0 399997.25698 399997.0
119354 MadGraphPythia_AUET2BCTEQ6L1_ttbarWj 0.093317002058 1.17499995232 1.0 1.0 321567.046197 349896.0
119355 MadGraphPythia_AUET2BCTEQ6L1_ttbarZ 0.067689999938 1.34000003338 1.0 1.0 399995.064273 399996.0
119356 MadGraphPythia_AUET2BCTEQ6L1_ttbarZj 0.0873389989138 1.34000003338 1.0 1.0 399774.983291 399895.0
119583 MadgraphPythia_AUET2B_CTEQ6L1_ttbarWW 0.000920000020415 1.0 1.0 1.0 9999.99999404 10000.0
126022 Sherpa_CT10_nunugammaPt70 0.762489974499 1.0 1.0 1.0 499997.806995 499999.0
126371 Sherpa_CT10_SinglePhotonPt500 0.276450008154 1.0 1.0 1.0 999689.847295 998873.0
126739 Sherpa_CT10_enugammaPt10 163.11000061 1.0 1.0 1.0 1799509.84543 1799692.0
126742 Sherpa_CT10_munugammaPt10 162.740005493 1.0 1.0 1.0 1799768.26616 1799893.0
126854 Sherpa_CT10_tautaugammaPt10 32.3320007324 1.0 1.0 1.0 999998.705995 999999.0
126856 Sherpa_CT10_taunugammaPt10 162.0 1.0 1.0 1.0 1799932.68599 1799896.0
126892 Sherpa_CT10_llnunu_WW 5.49819993973 1.05999994278 1.0 1.0 2699991.56509 2699994.0
126893 Sherpa_CT10_lllnu_WZ 19.7534008026 1.04999995232 1.0 1.0 2699768.8422 2699893.0
126894 Sherpa_CT10_llll_ZZ 8.7356004715 1.0 1.0 1.0 3799337.90461 3799491.0
126895 Sherpa_CT10_llnunu_ZZ 0.496199995279 1.04999995232 1.0 1.0 899779.166252 899899.0
126955 Sherpa_CT10_SinglePhotonPt800 0.0133459996432 1.0 1.0 1.0 99998.5594636 99999.0
126956 Sherpa_CT10_SinglePhotonPt1000 0.00238199997693 1.0 1.0 1.0 99995.7410037 99997.0
143065 Sherpa_CT10_nunuqq 5.54799985886 1.0 1.0 1.0 299995.614408 299998.0
145161 Sherpa_CT10_eegammaPt10 32.2599983215 1.0 1.0 1.0 1191589.33471 1189995.0
145162 Sherpa_CT10_mumugammaPt10 32.3170013428 1.0 1.0 1.0 1199996.63965 1199997.0
146430 AlpgenJimmy_AUET2CTEQ6L1_WgammaNp0 230.089996338 1.0 1.0 1.0 49999.9999702 50000.0
146431 AlpgenJimmy_AUET2CTEQ6L1_WgammaNp1 59.3429985046 1.0 1.0 1.0 49999.9999702 50000.0
146432 AlpgenJimmy_AUET2CTEQ6L1_WgammaNp2 21.4689998627 1.0 1.0 1.0 49999.9999702 50000.0
146433 AlpgenJimmy_AUET2CTEQ6L1_WgammaNp3 7.1031999588 1.0 1.0 1.0 49999.3742171 49999.0
146434 AlpgenJimmy_AUET2CTEQ6L1_WgammaNp4 2.12240004539 1.0 1.0 1.0 364998.559306 364999.0
146435 AlpgenJimmy_AUET2CTEQ6L1_WgammaNp5 0.466120004654 1.0 1.0 1.0 59999.9999642 60000.0
146436 AlpgenJimmy_AUET2CTEQ6L1_WgammaNp0_LeptonPhotonFilter 229.880004883 1.0 0.313719987869 1.0 14295238.7709 14296258.0
146437 AlpgenJimmy_AUET2CTEQ6L1_WgammaNp1_LeptonPhotonFilter 59.5180015564 1.0 0.448709994555 1.0 5393931.09065 5393984.0
146438 AlpgenJimmy_AUET2CTEQ6L1_WgammaNp2_LeptonPhotonFilter 21.3899993896 1.0 0.544610023499 1.0 2899175.05243 2899389.0
146439 AlpgenJimmy_AUET2CTEQ6L1_WgammaNp3_LeptonPhotonFilter 7.12029981613 1.0 0.629739999771 1.0 859632.993608 859697.0
146828 Sherpa_CT10_nunugammaPt20 9.00489997864 1.0 1.0 1.0 499999.999702 500000.0
146830 AlpgenJimmy_Auto_AUET2CTEQ6L1_ZeeNp0Excl_Mll10to60 3477.19995117 1.19480001926 1.0 1.0 0.0 0.0
146831 AlpgenJimmy_Auto_AUET2CTEQ6L1_ZeeNp1Excl_Mll10to60 108.800003052 1.19480001926 1.0 1.0 299999.374068 299999.0
146832 AlpgenJimmy_Auto_AUET2CTEQ6L1_ZeeNp2Excl_Mll10to60 52.766998291 1.19480001926 1.0 1.0 469999.373967 469999.0
146833 AlpgenJimmy_Auto_AUET2CTEQ6L1_ZeeNp3Excl_Mll10to60 11.2969999313 1.19480001926 1.0 1.0 144392.229138 144500.0
146834 AlpgenJimmy_Auto_AUET2CTEQ6L1_ZeeNp4Excl_Mll10to60 2.58979988098 1.19480001926 1.0 1.0 38273.7002379 36300.0
146835 AlpgenJimmy_Auto_AUET2CTEQ6L1_ZeeNp5Incl_Mll10to60 0.692669987679 1.19480001926 1.0 1.0 79326.6223664 79619.0
146840 AlpgenJimmy_Auto_AUET2CTEQ6L1_ZmumuNp0Excl_Mll10to60 3477.10009766 1.19480001926 1.0 1.0 0.0 0.0
146841 AlpgenJimmy_Auto_AUET2CTEQ6L1_ZmumuNp1Excl_Mll10to60 108.75 1.19480001926 1.0 1.0 299995.614408 299998.0
146842 AlpgenJimmy_Auto_AUET2CTEQ6L1_ZmumuNp2Excl_Mll10to60 52.7410011292 1.19480001926 1.0 1.0 469995.614306 469998.0
146843 AlpgenJimmy_Auto_AUET2CTEQ6L1_ZmumuNp3Excl_Mll10to60 11.2410001755 1.19480001926 1.0 1.0 144390.036431 144499.0
146844 AlpgenJimmy_Auto_AUET2CTEQ6L1_ZmumuNp4Excl_Mll10to60 2.60050010681 1.19480001926 1.0 1.0 37165.7438128 36300.0
146845 AlpgenJimmy_Auto_AUET2CTEQ6L1_ZmumuNp5Incl_Mll10to60 0.693729996681 1.19480001926 1.0 1.0 79496.0887663 79740.0
146850 AlpgenJimmy_Auto_AUET2CTEQ6L1_ZtautauNp0Excl_Mll10to60 3477.10009766 1.19480001926 1.0 1.0 120217.164027 100000.0
146851 AlpgenJimmy_Auto_AUET2CTEQ6L1_ZtautauNp1Excl_Mll10to60 108.739997864 1.19480001926 1.0 1.0 299999.990925 299999.0
146852 AlpgenJimmy_Auto_AUET2CTEQ6L1_ZtautauNp2Excl_Mll10to60 52.7319984436 1.19480001926 1.0 1.0 469998.559243 469999.0
146853 AlpgenJimmy_Auto_AUET2CTEQ6L1_ZtautauNp3Excl_Mll10to60 11.3260002136 1.19480001926 1.0 1.0 144980.642017 144399.0
146855 AlpgenJimmy_Auto_AUET2CTEQ6L1_ZtautauNp5Incl_Mll10to60 0.692900002003 1.19480001926 1.0 1.0 79998.3815572 79979.0
147770 Sherpa_CT10_Zee 1207.90002441 1.02760004997 1.0 1.0 2.48084938233e+13 9999162.0
147771 Sherpa_CT10_Zmumu 1207.80004883 1.02760004997 1.0 1.0 2.35454139776e+13 9998983.0
147772 Sherpa_CT10_Ztautau 1207.09997559 1.02820003033 1.0 1.0 1.05688477208e+13 4999989.0
147900 Pythia8_AU2CT10_jetjet_JZ0 72849997824.0 1.0 0.985450029373 1.0 0.0 0.0
147901 Pythia8_AU2CT10_jetjet_JZ1 72849997824.0 1.0 0.01446100045 1.0 57436.6455344 50000.0
147902 Pythia8_AU2CT10_jetjet_JZ2 26357000.0 1.0 0.107600003481 1.0 950820.117888 949997.0
147903 Pythia8_AU2CT10_jetjet_JZ3 544070.0 1.0 0.0641290023923 1.0 999994.447058 999996.0
147904 Pythia8_AU2CT10_jetjet_JZ4 6445.39990234 1.0 0.0309200007468 1.0 999553.461852 999777.0
147905 Pythia8_AU2CT10_jetjet_JZ5 39.7420005798 1.0 0.0344990007579 1.0 999808.611864 999609.0
147906 Pythia8_AU2CT10_jetjet_JZ6 0.4160400033 1.0 0.0628879964352 1.0 998749.563195 997663.0
147907 Pythia8_AU2CT10_jetjet_JZ7 0.0406300015748 1.0 0.0146120004356 1.0 999157.539363 997854.0
156803 AlpgenJimmy_AUET2_CTEQ6L1_ZnunuNp0_filt1jet 4151.5 1.23199999332 0.00645599979907 1.0 0.0 0.0
156804 AlpgenJimmy_AUET2_CTEQ6L1_ZnunuNp1_filt1jet 892.429992676 1.23199999332 0.455520004034 1.0 84999.9999493 85000.0
156805 AlpgenJimmy_AUET2_CTEQ6L1_ZnunuNp1_met140_filt1jet 6.03240013123 1.23000001907 1.0 1.0 94999.9999434 95000.0
156806 AlpgenJimmy_AUET2_CTEQ6L1_ZnunuNp1_met280_filt1jet 0.243239998817 1.23000001907 1.0 1.0 24999.9999851 25000.0
156807 AlpgenJimmy_AUET2_CTEQ6L1_ZnunuNp1_met500_filt1jet 0.00894999969751 1.23000001907 1.0 1.0 4999.99999702 5000.0
156808 AlpgenJimmy_AUET2_CTEQ6L1_ZnunuNp1_met70_filt1jet 69.5080032349 1.23000001907 0.99849998951 1.0 74999.9999553 75000.0
156809 AlpgenJimmy_AUET2_CTEQ6L1_ZnunuNp2_filt1jet 282.109985352 1.23199999332 0.760559976101 1.0 39999.9999762 40000.0
156810 AlpgenJimmy_AUET2_CTEQ6L1_ZnunuNp2_met140_filt1jet 7.99870014191 1.23000001907 0.99998998642 1.0 149999.999911 150000.0
156811 AlpgenJimmy_AUET2_CTEQ6L1_ZnunuNp2_met280_filt1jet 0.461950004101 1.23000001907 1.0 1.0 49999.9999702 50000.0
156812 AlpgenJimmy_AUET2_CTEQ6L1_ZnunuNp2_met500_filt1jet 0.0228700004518 1.23000001907 1.0 1.0 14124.829827 12999.0
156813 AlpgenJimmy_AUET2_CTEQ6L1_ZnunuNp2_met70_filt1jet 60.9650001526 1.23000001907 0.990949988365 1.0 99999.9999404 100000.0
156814 AlpgenJimmy_AUET2_CTEQ6L1_ZnunuNp3_filt1jet 82.0459976196 1.23199999332 0.905910015106 1.0 14999.9999911 15000.0
156815 AlpgenJimmy_AUET2_CTEQ6L1_ZnunuNp3_met140_filt1jet 5.24399995804 1.23000001907 1.0 1.0 109999.374181 109999.0
156816 AlpgenJimmy_AUET2_CTEQ6L1_ZnunuNp3_met280_filt1jet 0.391689985991 1.23000001907 1.0 1.0 9999.99999404 10000.0
156817 AlpgenJimmy_AUET2_CTEQ6L1_ZnunuNp3_met500_filt1jet 0.0227359998971 1.23000001907 1.0 1.0 14124.8387229 13000.0
156818 AlpgenJimmy_AUET2_CTEQ6L1_ZnunuNp3_met70_filt1jet 27.5410003662 1.23000001907 0.986400008202 1.0 74999.9999553 75000.0
156819 AlpgenJimmy_AUET2_CTEQ6L1_ZnunuNp4_filt1jet 21.642999649 1.23199999332 0.964720010757 1.0 4391.80221705 4000.0
156820 AlpgenJimmy_AUET2_CTEQ6L1_ZnunuNp4_met140_filt1jet 2.34649991989 1.23000001907 0.999970018864 1.0 119999.999928 120000.0
156821 AlpgenJimmy_AUET2_CTEQ6L1_ZnunuNp4_met280_filt1jet 0.220320001245 1.23000001907 1.0 1.0 44999.9999732 45000.0
156822 AlpgenJimmy_AUET2_CTEQ6L1_ZnunuNp4_met500_filt1jet 0.0142209995538 1.23000001907 1.0 1.0 9999.99999404 10000.0
156823 AlpgenJimmy_AUET2_CTEQ6L1_ZnunuNp4_met70_filt1jet 9.43210029602 1.23000001907 0.993290007114 1.0 24999.9999851 25000.0
156824 AlpgenJimmy_AUET2_CTEQ6L1_ZnunuNp5_filt1jet 6.59630012512 1.23199999332 0.989489972591 1.0 9124.83872592 8000.0
156825 AlpgenJimmy_AUET2_CTEQ6L1_ZnunuNp5_met140_filt1jet 1.0420999527 1.23000001907 1.0 1.0 29999.9999821 30000.0
156826 AlpgenJimmy_AUET2_CTEQ6L1_ZnunuNp5_met280_filt1jet 0.121720001101 1.23000001907 1.0 1.0 18118.2973349 17000.0
156827 AlpgenJimmy_AUET2_CTEQ6L1_ZnunuNp5_met500_filt1jet 0.00875800009817 1.23000001907 1.0 1.0 4391.80221705 4000.0
156828 AlpgenJimmy_AUET2_CTEQ6L1_ZnunuNp5_met70_filt1jet 3.35170006752 1.23000001907 0.997789978981 1.0 19391.8022081 19000.0
156839 AlpgenJimmy_AUET2_CTEQ6L1_GamNp1_ph140 26.1979999542 1.0 1.0 1.0 94999.9999434 95000.0
156840 AlpgenJimmy_AUET2_CTEQ6L1_GamNp1_ph280 0.831189990044 1.0 1.0 1.0 24999.9999851 25000.0
156841 AlpgenJimmy_AUET2_CTEQ6L1_GamNp1_ph35 9554.20019531 1.0 1.0 1.0 0.0 0.0
156842 AlpgenJimmy_AUET2_CTEQ6L1_GamNp1_ph500 0.0291409995407 1.0 1.0 1.0 9999.99999404 10000.0
156843 AlpgenJimmy_AUET2_CTEQ6L1_GamNp1_ph70 577.479980469 1.0 1.0 1.0 84999.9999493 85000.0
156844 AlpgenJimmy_AUET2_CTEQ6L1_GamNp2_ph140 38.6710014343 1.0 1.0 1.0 149997.413093 149998.0
156845 AlpgenJimmy_AUET2_CTEQ6L1_GamNp2_ph280 1.68110001087 1.0 1.0 1.0 49999.3653212 49998.0
156846 AlpgenJimmy_AUET2_CTEQ6L1_GamNp2_ph35 4515.0 1.0 1.0 1.0 39999.9999762 40000.0
156847 AlpgenJimmy_AUET2_CTEQ6L1_GamNp2_ph500 0.0755169987679 1.0 1.0 1.0 19999.9999881 20000.0
156848 AlpgenJimmy_AUET2_CTEQ6L1_GamNp2_ph70 571.869995117 1.0 1.0 1.0 99999.9999404 100000.0
156849 AlpgenJimmy_AUET2_CTEQ6L1_GamNp3_ph140 28.5699996948 1.0 1.0 1.0 149999.374157 149999.0
156850 AlpgenJimmy_AUET2_CTEQ6L1_GamNp3_ph280 1.53830003738 1.0 1.0 1.0 49999.9999702 50000.0
156851 AlpgenJimmy_AUET2_CTEQ6L1_GamNp3_ph35 1717.0 1.0 1.0 1.0 14999.9999911 15000.0
156852 AlpgenJimmy_AUET2_CTEQ6L1_GamNp3_ph500 0.0770730003715 1.0 1.0 1.0 6733.49451983 5998.0
156853 AlpgenJimmy_AUET2_CTEQ6L1_GamNp3_ph70 306.100006104 1.0 1.0 1.0 14999.9999911 15000.0
156854 AlpgenJimmy_AUET2_CTEQ6L1_GamNp4_ph140 14.2159996033 1.0 1.0 1.0 169997.044077 169898.0
156855 AlpgenJimmy_AUET2_CTEQ6L1_GamNp4_ph280 0.918519973755 1.0 1.0 1.0 44999.9999732 45000.0
156856 AlpgenJimmy_AUET2_CTEQ6L1_GamNp4_ph35 513.940002441 1.0 1.0 1.0 4391.80221705 4000.0
156857 AlpgenJimmy_AUET2_CTEQ6L1_GamNp4_ph500 0.0511660017073 1.0 1.0 1.0 9124.83872592 8000.0
156858 AlpgenJimmy_AUET2_CTEQ6L1_GamNp4_ph70 115.849998474 1.0 1.0 1.0 24999.9999851 25000.0
156859 AlpgenJimmy_AUET2_CTEQ6L1_GamNp5_ph140 7.00089979172 1.0 1.0 1.0 129998.071865 129997.0
156860 AlpgenJimmy_AUET2_CTEQ6L1_GamNp5_ph280 0.541679978371 1.0 1.0 1.0 49997.8072634 49999.0
156861 AlpgenJimmy_AUET2_CTEQ6L1_GamNp5_ph35 163.800003052 1.0 1.0 1.0 8710.17192918 7500.0
156862 AlpgenJimmy_AUET2_CTEQ6L1_GamNp5_ph500 0.0332660004497 1.0 1.0 1.0 14999.9999911 15000.0
156863 AlpgenJimmy_AUET2_CTEQ6L1_GamNp5_ph70 44.3339996338 1.0 1.0 1.0 44124.8387051 43000.0
157537 Sherpa_CT10_ZnunuPt70 184.630004883 1.0 1.0 1.0 2999427.55826 2999688.0
157538 Sherpa_CT10_ZnunuPt140 23.4090003967 1.0 1.0 1.0 999993.238224 999995.0
157539 Sherpa_CT10_ZnunuPt280 1.3776999712 1.0 1.0 1.0 249999.990955 249999.0
157540 Sherpa_CT10_ZnunuPt500 0.0689890012145 1.0 1.0 1.0 39997.4131584 39998.0
157814 Sherpa_CT10_VVtoeeqq 1.70200002193 1.0 1.0 1.0 199999.999881 200000.0
157815 Sherpa_CT10_VVtomumuqq 1.68700003624 1.0 1.0 1.0 199999.999881 200000.0
157816 Sherpa_CT10_VVtotautauqq 1.70200002193 1.0 1.0 1.0 199999.374128 199999.0
157817 Sherpa_CT10_VVtoenuqq 9.55700016022 1.0 1.0 1.0 883762.084889 889996.0
157818 Sherpa_CT10_VVtomunuqq 9.55399990082 1.0 1.0 1.0 999995.261782 999996.0
157819 Sherpa_CT10_VVtotaunuqq 9.55700016022 1.0 1.0 1.0 999779.166192 999899.0
164438 Sherpa_CT10_gammaVtoqq 6.75579977036 1.0 1.0 1.0 599997.924517 599997.0
164440 AlpgenJimmy_AUET2CTEQ6L1_ttbarlnlnNp0_baseline 4.79300022125 1.63399994373 1.0 1.0 799866.778409 799897.0
164441 AlpgenJimmy_AUET2CTEQ6L1_ttbarlnlnNp1_baseline 5.06799983978 1.63399994373 1.0 1.0 809385.900979 808897.0
164442 AlpgenJimmy_AUET2CTEQ6L1_ttbarlnlnNp2_baseline 3.25699996948 1.63399994373 1.0 1.0 529993.779683 529996.0
164443 AlpgenJimmy_AUET2CTEQ6L1_ttbarlnlnNp3p_baseline 2.17600011826 1.63399994373 1.0 1.0 359996.357706 359997.0
164444 AlpgenJimmy_AUET2CTEQ6L1_ttbarlnlnNp3_baseline 1.52110004425 1.63399994373 1.0 1.0 409999.999756 410000.0
164445 AlpgenJimmy_AUET2CTEQ6L1_ttbarlnlnNp4p_baseline 0.771000027657 1.63399994373 1.0 1.0 189122.910561 187997.0
164450 AlpgenJimmy_AUET2CTEQ6L1_ttbarlnqqNp0_baseline 19.1900005341 1.70200002193 1.0 1.0 3358870.16986 3359080.0
164451 AlpgenJimmy_AUET2CTEQ6L1_ttbarlnqqNp1_baseline 20.2900009155 1.70200002193 1.0 1.0 2917802.37992 2918789.0
164452 AlpgenJimmy_AUET2CTEQ6L1_ttbarlnqqNp2_baseline 13.0900001526 1.70200002193 1.0 1.0 2209975.50741 2209980.0
164453 AlpgenJimmy_AUET2CTEQ6L1_ttbarlnqqNp3p_baseline 8.6920003891 1.70200002193 1.0 1.0 1459562.44352 1459791.0
164455 AlpgenJimmy_AUET2CTEQ6L1_ttbarlnqqNp4p_baseline 3.08439993858 1.70200002193 1.0 1.0 558105.830323 556989.0
167150 Sherpa_CT10_WenuMassiveBPt0_BFilter 11030.0 1.10479998589 0.0166459996253 1.0 1329831.57149 4998995.0
167151 Sherpa_CT10_WmunuMassiveBPt0_BFilter 11030.0 1.10479998589 0.0166350007057 1.0 2643928.06349 9944988.0
167152 Sherpa_CT10_WtaunuMassiveBPt0_BFilter 11028.0 1.10500001907 0.0166490003467 1.0 2657979.23961 9993985.0
167153 Sherpa_CT10_WenuMassiveBPt0_VetoB 11028.0 1.10500001907 0.983309984207 1.0 29029493.3143 53981957.0
167154 Sherpa_CT10_WmunuMassiveBPt0_VetoB 11030.0 1.10479998589 0.983280003071 1.0 28960970.2605 53839459.0
167155 Sherpa_CT10_WtaunuMassiveBPt0_VetoB 11033.0 1.10450005531 0.983250021935 1.0 5234832.45845 9749995.0
167156 Sherpa_CT10_WenuMassiveBPt140_BFilter 33.1990013123 1.10500001907 0.0659630000591 1.0 50229.332264 242000.0
167157 Sherpa_CT10_WmunuMassiveBPt140_BFilter 33.1940002441 1.10500001907 0.06589499861 1.0 61972.6383028 300000.0
167158 Sherpa_CT10_WtaunuMassiveBPt140_BFilter 33.1940002441 1.10500001907 0.0659009963274 1.0 61978.2790176 300000.0
167159 Sherpa_CT10_WenuMassiveBPt140_VetoB 33.1500015259 1.10500001907 0.934289991856 1.0 227675.706944 999499.0
167160 Sherpa_CT10_WmunuMassiveBPt140_VetoB 33.1669998169 1.10500001907 0.934069991112 1.0 227742.855692 1000000.0
167161 Sherpa_CT10_WtaunuMassiveBPt140_VetoB 33.1500015259 1.10500001907 0.934000015259 1.0 113952.724918 500000.0
167740 Sherpa_CT10_WenuMassiveCBPt0_BFilter 10973.0 1.11000001431 0.0127779999748 1.0 4319817.72872 14897981.0
167741 Sherpa_CT10_WenuMassiveCBPt0_CJetFilterBVeto 10971.0 1.11000001431 0.0490389987826 1.0 3047533.32483 9988989.0
167742 Sherpa_CT10_WenuMassiveCBPt0_CJetVetoBVeto 10987.0 1.11000001431 0.938040018082 1.0 8416954.65197 14998988.0
167743 Sherpa_CT10_WmunuMassiveCBPt0_BFilter 10973.0 1.11000001431 0.0128229996189 1.0 4357554.57542 14989485.0
167744 Sherpa_CT10_WmunuMassiveCBPt0_CJetFilterBVeto 10970.0 1.11000001431 0.042539998889 1.0 2844900.97072 9892484.0
167745 Sherpa_CT10_WmunuMassiveCBPt0_CJetVetoBVeto 10981.0 1.11000001431 0.944609999657 1.0 8404573.54535 14994982.0
167746 Sherpa_CT10_WtaunuMassiveCBPt0_BFilter 10974.0 1.11000001431 0.0127910003066 1.0 4339195.88722 14925982.0
167747 Sherpa_CT10_WtaunuMassiveCBPt0_CJetFilterBVeto 10971.0 1.11000001431 0.0460820011795 1.0 2972557.31624 9993984.0
167748 Sherpa_CT10_WtaunuMassiveCBPt0_CJetVetoBVeto 10969.0 1.11000001431 0.940649986267 1.0 8326185.406 14847989.0
167761 Sherpa_CT10_WenuMassiveCBPt70_140_BFilter 250.550003052 1.11000001431 0.0459310002625 1.0 427875.475181 2000000.0
167762 Sherpa_CT10_WenuMassiveCBPt70_140_CJetFilterBVeto 250.710006714 1.11000001431 0.200990006328 1.0 692850.811236 2996497.0
167763 Sherpa_CT10_WenuMassiveCBPt70_140_CJetVetoBVeto 250.429992676 1.11000001431 0.75297999382 1.0 1271461.22656 4998998.0
167764 Sherpa_CT10_WmunuMassiveCBPt70_140_BFilter 250.550003052 1.11000001431 0.0459190011024 1.0 427565.656874 1998999.0
167765 Sherpa_CT10_WmunuMassiveCBPt70_140_CJetFilterBVeto 250.570007324 1.11000001431 0.198890000582 1.0 690513.671621 2995999.0
167766 Sherpa_CT10_WmunuMassiveCBPt70_140_CJetVetoBVeto 250.770004272 1.11000001431 0.75854998827 1.0 1271482.75903 4998992.0
167767 Sherpa_CT10_WtaunuMassiveCBPt70_140_BFilter 250.570007324 1.11000001431 0.0459420010448 1.0 427765.51555 1999893.0
167768 Sherpa_CT10_WtaunuMassiveCBPt70_140_CJetFilterBVeto 250.61000061 1.11000001431 0.198890000582 1.0 692385.281909 2999890.0
167769 Sherpa_CT10_WtaunuMassiveCBPt70_140_CJetVetoBVeto 250.600006104 1.11000001431 0.754849970341 1.0 1271667.4679 4999786.0
167770 Sherpa_CT10_WenuMassiveCBPt140_280_BFilter 31.1550006866 1.11000001431 0.0631589964032 1.0 206872.886303 999999.0
167771 Sherpa_CT10_WenuMassiveCBPt140_280_CJetFilterBVeto 31.188999176 1.11000001431 0.221959993243 1.0 430970.657848 1999997.0
167772 Sherpa_CT10_WenuMassiveCBPt140_280_CJetVetoBVeto 31.1119995117 1.11000001431 0.714959979057 1.0 465744.763766 2000000.0
167773 Sherpa_CT10_WmunuMassiveCBPt140_280_BFilter 31.1639995575 1.11000001431 0.0630690008402 1.0 206643.935465 997497.0
167774 Sherpa_CT10_WmunuMassiveCBPt140_280_CJetFilterBVeto 31.1650009155 1.11000001431 0.216470003128 1.0 427710.363442 1985998.0
167775 Sherpa_CT10_WmunuMassiveCBPt140_280_CJetVetoBVeto 31.1730003357 1.11000001431 0.720300018787 1.0 464403.774265 1993999.0
167776 Sherpa_CT10_WtaunuMassiveCBPt140_280_BFilter 31.1620006561 1.11000001431 0.0630780011415 1.0 206708.163373 999797.0
167777 Sherpa_CT10_WtaunuMassiveCBPt140_280_CJetFilterBVeto 31.1509990692 1.11000001431 0.220149993896 1.0 430517.932576 1998688.0
167778 Sherpa_CT10_WtaunuMassiveCBPt140_280_CJetVetoBVeto 31.1760005951 1.11000001431 0.716090023518 1.0 465963.276843 1999994.0
167779 Sherpa_CT10_WenuMassiveCBPt280_500_BFilter 1.84130001068 1.11000001431 0.0828860029578 1.0 20350.522707 99998.0
167780 Sherpa_CT10_WenuMassiveCBPt280_500_CJetFilterBVeto 1.8370000124 1.11000001431 0.234540000558 1.0 41528.7729593 199898.0
167781 Sherpa_CT10_WenuMassiveCBPt280_500_CJetVetoBVeto 1.84259998798 1.11000001431 0.681999981403 1.0 109063.210595 489892.0
167782 Sherpa_CT10_WmunuMassiveCBPt280_500_BFilter 1.83800005913 1.11000001431 0.0829019993544 1.0 20355.7159423 100000.0
167783 Sherpa_CT10_WmunuMassiveCBPt280_500_CJetFilterBVeto 1.83949995041 1.11000001431 0.228450000286 1.0 41410.0165696 199998.0
167784 Sherpa_CT10_WmunuMassiveCBPt280_500_CJetVetoBVeto 1.84329998493 1.11000001431 0.687759995461 1.0 109638.632115 499698.0
167785 Sherpa_CT10_WtaunuMassiveCBPt280_500_BFilter 1.83619999886 1.11000001431 0.0830259993672 1.0 20314.6619709 100000.0
167786 Sherpa_CT10_WtaunuMassiveCBPt280_500_CJetFilterBVeto 1.83949995041 1.11000001431 0.232710003853 1.0 41469.8675892 199998.0
167787 Sherpa_CT10_WtaunuMassiveCBPt280_500_CJetVetoBVeto 1.83679997921 1.11000001431 0.683969974518 1.0 109793.681914 499998.0
167788 Sherpa_CT10_WenuMassiveCBPt500_BFilter 0.101879999042 1.11000001431 0.0996550023556 1.0 4040.66324499 20000.0
167789 Sherpa_CT10_WenuMassiveCBPt500_CJetFilterBVeto 0.101010002196 1.11000001431 0.244399994612 1.0 4088.07077078 20000.0
167790 Sherpa_CT10_WenuMassiveCBPt500_CJetVetoBVeto 0.100929997861 1.11000001431 0.657410025597 1.0 2114.19563276 10000.0
167791 Sherpa_CT10_WmunuMassiveCBPt500_BFilter 0.10163000226 1.11000001431 0.100040003657 1.0 2020.79594005 10000.0
167792 Sherpa_CT10_WmunuMassiveCBPt500_CJetFilterBVeto 0.102099999785 1.11000001431 0.238519996405 1.0 2036.90477821 10000.0
167793 Sherpa_CT10_WmunuMassiveCBPt500_CJetVetoBVeto 0.101860001683 1.11000001431 0.658370018005 1.0 10593.4347762 49700.0
167794 Sherpa_CT10_WtaunuMassiveCBPt500_BFilter 0.102080002427 1.11000001431 0.0996629968286 1.0 2023.98892766 10000.0
167795 Sherpa_CT10_WtaunuMassiveCBPt500_CJetFilterBVeto 0.101389996707 1.11000001431 0.242210000753 1.0 2045.51917025 10000.0
167796 Sherpa_CT10_WtaunuMassiveCBPt500_CJetVetoBVeto 0.102009996772 1.11000001431 0.660040020943 1.0 10623.7680336 49998.0
172001 AlpgenJimmy_AUET2CTEQ6L1_WenuNp1_susyfilt 12.704000473 1.18599998951 1.0 1.0 1999987.40284 1999991.0
172002 AlpgenJimmy_AUET2CTEQ6L1_WenuNp2_susyfilt 8.95960044861 1.18599998951 1.0 1.0 1494117.69185 1492993.0
172003 AlpgenJimmy_AUET2CTEQ6L1_WenuNp3_susyfilt 4.33680009842 1.18599998951 1.0 1.0 1249989.23489 1249989.0
172004 AlpgenJimmy_AUET2CTEQ6L1_WenuNp4_susyfilt 1.70729994774 1.18599998951 1.0 1.0 399789.579404 399498.0
172005 AlpgenJimmy_AUET2CTEQ6L1_WenuNp5_susyfilt 0.557820022106 1.18599998951 1.0 1.0 109779.166723 109899.0
172006 AlpgenJimmy_AUET2CTEQ6L1_WenuNp6_susyfilt 0.195950001478 1.18599998951 1.0 1.0 19999.9999881 20000.0
172011 AlpgenJimmy_AUET2CTEQ6L1_WmunuNp1_susyfilt 12.6840000153 1.18599998951 1.0 1.0 1999566.09417 1999795.0
172012 AlpgenJimmy_AUET2CTEQ6L1_WmunuNp2_susyfilt 8.96850013733 1.18599998951 1.0 1.0 1499987.86864 1499993.0
172013 AlpgenJimmy_AUET2CTEQ6L1_WmunuNp3_susyfilt 4.33949995041 1.18599998951 1.0 1.0 1124310.97733 1139496.0
172014 AlpgenJimmy_AUET2CTEQ6L1_WmunuNp4_susyfilt 1.70749998093 1.18599998951 1.0 1.0 399777.873141 399898.0
172015 AlpgenJimmy_AUET2CTEQ6L1_WmunuNp5_susyfilt 0.560370028019 1.18599998951 1.0 1.0 109998.080772 109998.0
172016 AlpgenJimmy_AUET2CTEQ6L1_WmunuNp6_susyfilt 0.193590000272 1.18599998951 1.0 1.0 19999.9999881 20000.0
172021 AlpgenJimmy_AUET2CTEQ6L1_WtaunuNp1_susyfilt 46.3870010376 1.18599998951 0.347559988499 1.0 3854096.68422 3854886.0
172022 AlpgenJimmy_AUET2CTEQ6L1_WtaunuNp2_susyfilt 34.3079986572 1.18599998951 0.334939986467 1.0 2794416.90474 2794687.0
172023 AlpgenJimmy_AUET2CTEQ6L1_WtaunuNp3_susyfilt 17.0540008545 1.18599998951 0.326990008354 1.0 1234567.36135 1234793.0
172024 AlpgenJimmy_AUET2CTEQ6L1_WtaunuNp4_susyfilt 6.55179977417 1.18599998951 0.336019992828 1.0 545066.899642 539496.0
172025 AlpgenJimmy_AUET2CTEQ6L1_WtaunuNp5_susyfilt 2.04739999771 1.18599998951 0.354299992323 1.0 149999.999911 150000.0
172026 AlpgenJimmy_AUET2CTEQ6L1_WtaunuNp6_susyfilt 0.664009988308 1.18599998951 0.381280004978 1.0 29999.9999821 30000.0
173041 Sherpa_CT10_DYeeM08to15 92.1460037231 1.0 1.0 1.0 4999992.9953 4999994.0
173042 Sherpa_CT10_DYeeM15to40 279.190002441 1.0 1.0 1.0 14988463.1614 14985986.0
173043 Sherpa_CT10_DYmumuM08to15 92.0810012817 1.0 1.0 1.0 4997429.68194 4996000.0
173044 Sherpa_CT10_DYmumuM15to40 279.200012207 1.0 1.0 1.0 14986881.6586 14980488.0
173045 Sherpa_CT10_DYtautauM08to15 92.1159973145 1.0 1.0 1.0 4999720.34211 4999693.0
173046 Sherpa_CT10_DYtautauM15to40 279.109985352 1.0 1.0 1.0 14993225.9326 14992666.0
